   1   27
1 1
     6.401970810000006     0.000000000000002     0.000000000000001
    -0.000000000000000     6.401970810000003     0.000000000000002
     0.000000000000000    -0.000000000000000     6.401970809999996
1 2
    -1.675796353597172     0.000000000000000     0.000000000000000
     0.000000000000001     0.099520202091412    -0.018138532617133
     0.000000000000000    -0.018138532617133     0.112346081505760
1 3
    -1.675796353597172     0.000000000000000     0.000000000000000
     0.000000000000001     0.099520202091412    -0.018138532617133
     0.000000000000000    -0.018138532617133     0.112346081505760
1 4
    -0.344308936830735    -0.768734618492702    -0.015708430033810
    -0.768734618492702    -1.231967214675026     0.009069266308567
    -0.015708430033810     0.009069266308567     0.112346081505760
1 5
    -0.087910792718559    -0.000000000000000     0.000000000000000
     0.000000000000000    -0.087910792718559     0.000000000000000
     0.000000000000000    -0.000000000000000     0.039939765437118
1 6
    -0.344308936830734     0.768734618492701     0.015708430033810
     0.768734618492702    -1.231967214675026     0.009069266308567
     0.015708430033810     0.009069266308567     0.112346081505760
1 7
    -0.344308936830735    -0.768734618492702    -0.015708430033810
    -0.768734618492702    -1.231967214675026     0.009069266308567
    -0.015708430033810     0.009069266308567     0.112346081505760
1 8
    -0.344308936830734     0.768734618492702     0.015708430033810
     0.768734618492702    -1.231967214675026     0.009069266308567
     0.015708430033810     0.009069266308567     0.112346081505760
1 9
    -0.087910792718559    -0.000000000000000     0.000000000000000
     0.000000000000000    -0.087910792718559     0.000000000000000
     0.000000000000000    -0.000000000000000     0.039939765437118
1 10
    -0.344308936830735    -0.271054922695836    -0.719533805547455
    -0.271054922695836    -0.031321671663506    -0.415423036323859
    -0.719533805547454    -0.415423036323858    -1.088299461505760
1 11
    -0.087910792718559     0.000000000000000    -0.000000000000000
     0.000000000000000     0.025734147864265    -0.040179554066829
    -0.000000000000000    -0.040179554066829    -0.073705175145706
1 12
    -0.344308936830734     0.271054922695836     0.719533805547454
     0.271054922695836    -0.031321671663506    -0.415423036323859
     0.719533805547454    -0.415423036323858    -1.088299461505760
1 13
    -0.002677087281441    -0.049209702778150    -0.034796514534604
    -0.049209702778150    -0.059499557572853     0.020089777033414
    -0.034796514534604     0.020089777033414    -0.073705175145706
1 14
    -0.002677087281441     0.049209702778150     0.034796514534604
     0.049209702778150    -0.059499557572853     0.020089777033414
     0.034796514534604     0.020089777033414    -0.073705175145706
1 15
     0.001417406741796    -0.000000000000000    -0.000000000000000
    -0.000000000000000    -0.062717120075129    -0.045349958820439
    -0.000000000000000    -0.045349958820439    -0.030649856666667
1 16
     0.125171960920108     0.000000000000000     0.000000000000000
    -0.000000000000000    -0.500802569414348     0.830846072647717
     0.000000000000000     0.830846072647717    -1.088299461505760
1 17
    -0.046683488370898     0.027771064741576    -0.039274216399078
     0.027771064741576    -0.014616224962435     0.022674979410219
    -0.039274216399078     0.022674979410219    -0.030649856666667
1 18
    -0.046683488370898    -0.027771064741576     0.039274216399078
    -0.027771064741576    -0.014616224962435     0.022674979410219
     0.039274216399078     0.022674979410219    -0.030649856666667
1 19
    -0.344308936830735    -0.271054922695836    -0.719533805547455
    -0.271054922695836    -0.031321671663506    -0.415423036323859
    -0.719533805547454    -0.415423036323858    -1.088299461505760
1 20
    -0.344308936830734     0.271054922695836     0.719533805547454
     0.271054922695836    -0.031321671663506    -0.415423036323859
     0.719533805547454    -0.415423036323858    -1.088299461505760
1 21
    -0.087910792718559     0.000000000000000    -0.000000000000000
     0.000000000000000     0.025734147864265    -0.040179554066829
    -0.000000000000000    -0.040179554066829    -0.073705175145706
1 22
     0.125171960920108     0.000000000000000     0.000000000000000
    -0.000000000000000    -0.500802569414348     0.830846072647717
     0.000000000000000     0.830846072647716    -1.088299461505760
1 23
    -0.046683488370898    -0.027771064741576     0.039274216399078
    -0.027771064741576    -0.014616224962435     0.022674979410219
     0.039274216399078     0.022674979410219    -0.030649856666667
1 24
    -0.046683488370898     0.027771064741576    -0.039274216399078
     0.027771064741576    -0.014616224962435     0.022674979410219
    -0.039274216399078     0.022674979410219    -0.030649856666667
1 25
    -0.002677087281441    -0.049209702778150    -0.034796514534604
    -0.049209702778150    -0.059499557572853     0.020089777033414
    -0.034796514534604     0.020089777033414    -0.073705175145706
1 26
     0.001417406741796    -0.000000000000000    -0.000000000000000
    -0.000000000000000    -0.062717120075129    -0.045349958820439
    -0.000000000000000    -0.045349958820439    -0.030649856666667
1 27
    -0.002677087281441     0.049209702778150     0.034796514534604
     0.049209702778150    -0.059499557572853     0.020089777033414
     0.034796514534604     0.020089777033414    -0.073705175145706